2.7179718017578125e-05
6.890296936035156e-05
7.891654968261719e-05
0.00010657310485839844
0.0004425048828125
0.0003294944763183594
0.0005681514739990234
0.0005099773406982422
0.0007467269897460938
0.0008187294006347656
0.0019257068634033203
0.002398252487182617
0.002234935760498047
0.0036134719848632812
0.0031194686889648438
0.0038132667541503906
0.005097150802612305
0.0069942474365234375
0.006117582321166992
0.010516881942749023
0.01240086555480957
0.014608383178710938
0.014060258865356445
0.01693129539489746
0.018376588821411133
0.02440047264099121
0.021247148513793945
0.023636817932128906
0.029916048049926758
0.03421735763549805
0.04073500633239746
0.043531179428100586
0.04408550262451172
0.05443906784057617
0.0608212947845459
0.08090877532958984
0.06442046165466309
0.0731210708618164
0.0739889144897461
0.08729791641235352
0.11471366882324219
0.1332385540008545
0.1036217212677002
0.1271355152130127
0.1470167636871338
0.16257977485656738
0.11742925643920898
0.19994163513183594
0.15209412574768066
0.16421103477478027
0.19263434410095215
0.1852576732635498
0.1945037841796875
0.2200779914855957
0.2788224220275879
0.23167061805725098
0.3104066848754883
0.32538723945617676
0.32297658920288086
0.30371928215026855
0.3346850872039795
0.3215675354003906
0.4543914794921875
0.3503704071044922
0.4647560119628906
0.46810293197631836
0.4683685302734375
0.4498622417449951
0.5249741077423096
0.49523186683654785
0.4934251308441162
0.6898717880249023
0.6289856433868408
0.6303489208221436
0.6476905345916748
0.7752151489257812
0.9992763996124268
0.9694492816925049
0.8073484897613525
0.9204123020172119
0.8972482681274414
0.9290273189544678
1.112513542175293
0.9838581085205078
1.0426170825958252
1.13126802444458
1.2627079486846924
1.2092032432556152
1.3486695289611816
1.7670948505401611
1.4460971355438232
1.44514799118042
1.6331160068511963
1.642240047454834
1.6427955627441406
1.7070648670196533
1.6026504039764404
1.7983770370483398
2.0560109615325928
1.8094289302825928
2.0022826194763184
1.9259440898895264
2.165571928024292
1.9090526103973389
2.0513362884521484
2.677576780319214
2.4422554969787598
3.276787519454956
3.052422285079956
2.424771308898926
2.436552047729492
2.950124502182007
3.4335014820098877
2.885042190551758
3.1436452865600586
3.5579493045806885
4.170745372772217
3.652730703353882
3.8448150157928467
4.124722957611084
3.9886088371276855
3.762505531311035
4.7489237785339355
4.0196754932403564
4.143463373184204
4.477348327636719
4.77361536026001
4.514369249343872
4.660627365112305
5.4012041091918945
5.35281777381897
5.156131744384766
5.570496559143066
5.5890514850616455
5.574499607086182
6.463293075561523
6.387251615524292
9.760192632675171
7.112286806106567
9.654953479766846
7.568410158157349
9.268981218338013
8.914812803268433
11.614331245422363
10.218283653259277
8.53878927230835
7.746475696563721
8.007184505462646
6.956488609313965
7.865158796310425
8.910443782806396
7.635047197341919
7.883207559585571
8.647027492523193
8.544853925704956
8.62901496887207
9.697711706161499
8.778146505355835
9.301436424255371
9.53580927848816
8.60021686553955
11.14286184310913
11.100091457366943
11.94355583190918
12.34450387954712
15.604201793670654
14.683030605316162
12.694215297698975
15.053897380828857
13.898538589477539
16.398993730545044
15.206974029541016
15.670518398284912
15.72152328491211
13.633864641189575
15.227150678634644
17.066583395004272
16.337423086166382
16.390244483947754
16.77747106552124
15.849918365478516
18.164696216583252
19.546908378601074
15.960538864135742
19.388094663619995
16.04703974723816
20.457980632781982
21.979902267456055
19.283161878585815
17.441087007522583
19.885216236114502
18.834965467453003
16.600972414016724
17.527048349380493
19.017104625701904
19.376967906951904
18.318228006362915
19.381122589111328
18.71899676322937
24.793132543563843
21.553235054016113
21.149431705474854
22.26825785636902
26.217470169067383
32.50234317779541
30.613470792770386
30.2484610080719
35.35591912269592
30.52891755104065
25.935367822647095
30.193225145339966
28.180524110794067
35.83590292930603
35.36858153343201
31.69038224220276
30.006813287734985
31.29126238822937
29.332875728607178
31.235955953598022
33.02261662483215
28.964186191558838
31.403453588485718
30.41183853149414
32.7845618724823
27.204536199569702
30.32828998565674
36.299307107925415
34.316723346710205
34.05589032173157
37.67424249649048
36.50957989692688
36.85417890548706
37.771812200546265
34.457430839538574
51.412437438964844
51.200323820114136
50.29171562194824
54.79092812538147
64.36153674125671
